######################################################################################################################
WINDOW: floor
######################################################################################################################
base: net $33,176 PF 1.36 Sharpe 1.73 Calmar 0.52 MaxDD 18.5% kept 1067
  rule                                  kept   skip       net$    PF  Sharpe  Calmar   MaxDD%   block
  all_spy_ret_mild_down                  468    599     21,990  1.54    2.43    0.93     6.9%       0
  all_prev_range_le_p80                  853    214     34,196  1.46    2.09    0.86    11.7%       0
  r4_spy_not_crash                       985     82     32,920  1.40    1.81    0.83    11.5%       0
  r4_long_spy_not_crash                 1009     58     33,796  1.39    1.81    0.82    12.1%       0
  r4_long_spy_ret_mild_down              713    354     32,945  1.50    2.21    0.81    11.9%       0
  r4_prev_range_le_p80                   866    201     32,613  1.42    1.95    0.81    11.8%       0
  all_prev_range_le_p90                  960    107     35,168  1.42    1.95    0.80    12.9%       0
  all_spy_not_crash                      960    107     32,110  1.40    1.83    0.79    11.9%       0
  r4_short_spy_ret3_down                 987     80     35,116  1.42    1.95    0.79    13.0%       0
  r4_prev_range_le_p90                   967    100     33,956  1.40    1.86    0.76    13.0%       0
  all_open_not_deep                      829    238     27,924  1.40    1.85    0.75    10.8%       0
  r4_open_not_deep                       903    164     27,722  1.35    1.64    0.75    10.8%       0
  r4_spy_ret_mild_down                   607    460     25,470  1.46    2.05    0.73    10.2%       0
  r4_short_open_not_deep                1022     45     35,222  1.40    1.87    0.69    14.9%       0
  r4_prev_range_le_p70                   775    292     27,088  1.37    1.74    0.69    11.5%       0
  all_prev_range_le_p70                  747    320     27,453  1.40    1.85    0.65    12.3%       0
  r4_spy_ret3_down                       670    397     26,604  1.43    1.98    0.64    12.1%       0
  r4_long_open_not_deep                  948    119     25,792  1.31    1.48    0.63    11.9%       0
  r4_short_gap_inside_rv80               960    107     33,610  1.41    1.90    0.62    15.9%       0
  r4_open_inside                         710    357     18,802  1.28    1.36    0.61     9.0%       0
  all_open_inside                        561    506     17,602  1.35    1.68    0.61     8.4%       0
  r4_long_gap_inside_spy_not_crash       730    337     21,388  1.31    1.43    0.60    10.5%       0
  r4_short_open_inside                   989     78     32,814  1.38    1.82    0.59    16.4%       0
  all_spy_ret3_down                      561    506     24,901  1.50    2.30    0.58    12.5%       0
  r4_long_open_inside                    788    279     19,280  1.26    1.25    0.58     9.7%       0
  r4_gap_not_deep_inside                 679    388     17,530  1.27    1.31    0.57     8.9%       0
  r4_long_gap_not_deep_inside            766    301     20,129  1.28    1.32    0.57    10.4%       0
  nkd_prev_range_le_p80                 1054     13     34,759  1.39    1.84    0.55    18.3%       0

######################################################################################################################
WINDOW: vault2025
######################################################################################################################
base: net $6,857 PF 1.51 Sharpe 2.33 Calmar 1.47 MaxDD 10.1% kept 144
  rule                                  kept   skip       net$    PF  Sharpe  Calmar   MaxDD%   block
  all_gap_inside_spy_not_crash            70     74      6,315  2.30    3.97    3.85     3.6%       0
  all_gap_not_deep_inside                 74     70      6,208  2.27    3.91    3.79     3.6%       0
  r4_long_gap_inside_spy_not_crash       100     44      9,473  1.99    3.77    3.66     5.6%       0
  r4_long_gap_not_deep_inside            104     40      9,365  1.98    3.73    3.62     5.6%       0
  r4_long_gap_inside_rv80                103     41      9,365  1.98    3.73    3.62     5.6%       0
  all_gap_inside_rv80                     72     72      5,672  2.16    3.63    3.46     3.6%       0
  r4_gap_inside_spy_not_crash             92     52      8,041  1.93    3.50    3.11     5.6%       0
  r4_gap_not_deep_inside                  96     48      7,933  1.92    3.46    3.07     5.6%       0
  r4_gap_inside_rv80                      95     49      7,933  1.92    3.46    3.07     5.6%       0
  r4_long_gap_flat                       110     34      8,456  1.83    3.28    2.82     6.5%       0
  all_gap_flat                            87     57      5,402  1.79    2.95    2.70     4.3%       0
  r4_gap_flat                            107     37      7,631  1.80    3.13    2.69     6.1%       0
  r4_long_open_inside                    107     37      7,916  1.69    2.77    2.36     7.3%       0
  r4_long_gap_not_deep                   129     15      7,530  1.62    2.69    1.85     8.8%       0
  all_open_inside                         80     64      5,583  1.75    2.82    1.82     6.7%       0
  all_prev_range_le_p90                  137      7      8,371  1.62    2.75    1.80    10.1%       0
  r4_prev_range_le_p90                   137      7      8,371  1.62    2.75    1.80    10.1%       0
  nkd_open_inside                        122     22      5,132  1.53    2.34    1.74     6.4%       0
  nkd_gap_not_deep_inside                122     22      5,132  1.53    2.34    1.74     6.4%       0
  nkd_gap_inside_spy_not_crash           122     22      5,132  1.53    2.34    1.74     6.4%       0
  r4_open_inside                         102     42      7,309  1.65    2.63    1.72     9.2%       0
  r4_long_spy_ret_mild_down               89     55      6,436  1.59    2.61    1.70     8.2%       0
  r4_gap_not_deep                        126     18      6,705  1.58    2.52    1.65     8.8%       0
  nkd_gap_inside_rv80                    121     23      4,595  1.48    2.13    1.56     6.4%       0
  r4_short_spy_rv80                      143      1      7,202  1.54    2.44    1.55    10.1%       0
  nkd_open_not_deep                      131     13      5,574  1.50    2.25    1.52     7.9%       0
  none                                   144      0      6,857  1.51    2.33    1.47    10.1%       0
  r4_short_open_not_deep                 143      1      6,857  1.51    2.33    1.47    10.1%       0

######################################################################################################################
WINDOW: vault2026
######################################################################################################################
base: net $6,743 PF 1.46 Sharpe 2.43 Calmar 1.62 MaxDD 15.0% kept 114
  rule                                  kept   skip       net$    PF  Sharpe  Calmar   MaxDD%   block
  all_gap_flat                            46     68      6,857  3.18    6.77   13.67     1.8%       0
  r4_gap_flat                             67     47      8,339  1.89    4.03    4.97     6.1%       0
  all_open_inside                         58     56      7,141  2.34    5.41    4.87     5.3%       0
  all_open_not_deep                       84     30      9,838  2.15    4.82    4.60     7.7%       0
  r4_short_spy_ret_mild_down             107      7     10,338  1.88    3.99    3.72    10.1%       0
  all_gap_not_deep                        89     25      9,206  2.13    4.59    3.40     9.8%       0
  all_gap_inside_spy_not_crash            51     63      4,527  1.93    4.08    3.15     5.4%       0
  all_gap_not_deep_inside                 55     59      5,162  2.06    4.53    3.14     5.9%       0
  all_gap_inside_rv80                     55     59      5,162  2.06    4.53    3.14     5.9%       0
  r4_long_gap_flat                        73     41      6,784  1.61    3.05    3.04     8.1%       0
  r4_open_inside                          76     38      7,649  1.70    3.43    2.90     9.6%       0
  r4_gap_not_deep_inside                  76     38      7,649  1.70    3.43    2.90     9.6%       0
  r4_gap_inside_rv80                      76     38      7,649  1.70    3.43    2.90     9.6%       0
  r4_long_open_inside                     78     36      7,102  1.62    3.16    2.69     9.6%       0
  r4_long_gap_not_deep_inside             78     36      7,102  1.62    3.16    2.69     9.6%       0
  r4_long_gap_inside_rv80                 78     36      7,102  1.62    3.16    2.69     9.6%       0
  r4_open_not_deep                        92     22      8,724  1.72    3.46    2.68    11.8%       0
  r4_gap_inside_spy_not_crash             72     42      7,014  1.64    3.16    2.65     9.6%       0
  nkd_open_not_deep                      106      8      7,857  1.71    3.37    2.58    11.0%       0
  nkd_open_inside                         96     18      6,235  1.69    3.22    2.54     8.9%       0
  r4_spy_ret_mild_down                    66     48      7,316  1.75    3.74    2.52    10.5%       0
  r4_long_open_not_deep                   94     20      8,177  1.65    3.23    2.51    11.8%       0
  r4_gap_not_deep                         98     16      8,158  1.67    3.20    2.50    11.8%       0
  r4_long_gap_inside_spy_not_crash        74     40      6,466  1.57    2.89    2.45     9.6%       0
  r4_long_gap_not_deep                    99     15      7,611  1.61    2.97    2.34    11.8%       0
  r4_short_gap_flat                      108      6      8,298  1.65    3.17    2.30    13.0%       0
  r4_short_spy_ret3_down                 111      3      8,198  1.62    3.05    2.24    13.2%       0
  nkd_gap_not_deep                       105      9      7,791  1.74    3.43    2.16    13.1%       0

======================================================================================================================
CROSS-WINDOW FOR FLOOR-TOP RULES
======================================================================================================================
  rule                                     floor$    PF  Calmar |      2025$    PF  Calmar |      2026$    PF  Calmar
  all_spy_ret_mild_down                    21,990  1.54    0.93 |       -655  0.91   -0.27 |        549  1.07    0.20
  all_prev_range_le_p80                    34,196  1.46    0.86 |      2,919  1.22    0.63 |      5,308  1.44    1.59
  r4_spy_not_crash                         32,920  1.40    0.83 |      5,943  1.40    1.28 |      6,108  1.42    1.47
  r4_long_spy_not_crash                    33,796  1.39    0.82 |      5,943  1.40    1.28 |      6,108  1.42    1.47
  r4_long_spy_ret_mild_down                32,945  1.50    0.81 |      6,436  1.59    1.70 |      3,721  1.30    1.07
  r4_prev_range_le_p80                     32,613  1.42    0.81 |      3,633  1.28    0.78 |      6,065  1.40    1.46
  all_prev_range_le_p90                    35,168  1.42    0.80 |      8,371  1.62    1.80 |      5,718  1.41    1.43
  all_spy_not_crash                        32,110  1.40    0.79 |      5,903  1.42    1.27 |      6,044  1.42    1.49
  r4_short_spy_ret3_down                   35,116  1.42    0.79 |      2,952  1.23    0.63 |      8,198  1.62    2.24
  r4_prev_range_le_p90                     33,956  1.40    0.76 |      8,371  1.62    1.80 |      7,036  1.48    1.76
  all_open_not_deep                        27,924  1.40    0.75 |      4,797  1.40    1.47 |      9,838  2.15    4.60
  r4_open_not_deep                         27,722  1.35    0.75 |      6,080  1.43    1.37 |      8,724  1.72    2.68
  r4_spy_ret_mild_down                     25,470  1.46    0.73 |        729  1.07    0.18 |      7,316  1.75    2.52
  r4_short_open_not_deep                   35,222  1.40    0.69 |      6,857  1.51    1.47 |      7,291  1.52    1.75
  r4_prev_range_le_p70                     27,088  1.37    0.69 |      4,494  1.38    0.95 |      5,676  1.37    1.36
  all_prev_range_le_p70                    27,453  1.40    0.65 |      3,662  1.31    0.77 |      1,549  1.14    0.42
  r4_spy_ret3_down                         26,604  1.43    0.64 |        875  1.07    0.19 |      4,517  1.38    1.25
  r4_long_open_not_deep                    25,792  1.31    0.63 |      6,080  1.43    1.37 |      8,177  1.65    2.51
