######################################################################################################################
WINDOW: floor
######################################################################################################################
base: net $33,176 PF 1.36 Sharpe 1.73 Calmar 0.52 MaxDD 18.5% kept 1067
top scoped rules with kept >= max(25, 35% base)
  rule                          kept   skip       net$    PF  Sharpe  Calmar   MaxDD%   skip_pnl
  r4_slot_0.6_2                  872    195     31,433  1.40    1.88    0.82    11.2%      4,257
  r4_slot_0.8_2                  809    258     28,425  1.37    1.77    0.75    11.0%     10,491
  r4_slot_le_2                   893    174     31,082  1.38    1.80    0.72    12.6%      7,844
  r4_slot_0.6_1.5                690    377     25,707  1.41    1.89    0.71    10.6%      8,713
  r4_long_slot_0.8_2             880    187     29,859  1.37    1.74    0.69    12.5%      9,970
  r4_slot_0.7_1.5                668    399     25,632  1.42    1.94    0.69    10.8%     11,069
  nkd_slot_ge_1                 1019     48     36,233  1.43    2.01    0.67    15.9%     -3,057
  all_slot_ge_1                  816    251     28,958  1.38    1.84    0.66    12.8%      4,638
  r4_long_slot_0.6_2             937    130     30,816  1.37    1.74    0.66    13.7%      5,379
  r4_short_slot_0.6_1.5          953    114     32,862  1.41    1.90    0.65    14.7%     -2,778
  all_slot_ge_0.6               1026     41     36,079  1.42    1.99    0.64    16.4%     -6,139
  all_slot_ge_0.7                993     74     34,584  1.42    1.96    0.64    15.8%     -2,434
  r4_short_slot_0.6_2           1002     65     34,052  1.39    1.85    0.64    15.6%     -1,123
  r4_short_slot_0.7_1.5          950    117     31,850  1.39    1.85    0.63    14.7%     -2,173
  r4_long_slot_le_2              952    115     29,474  1.35    1.65    0.63    13.7%      5,990
  r4_short_slot_le_1.5           959    108     33,854  1.42    1.92    0.63    15.8%        198
  r4_short_slot_0.5_1.5          958    109     33,854  1.42    1.92    0.63    15.8%     -2,091
  r4_long_slot_0.7_1.5           785    282     27,648  1.38    1.76    0.62    13.0%     13,242
  r4_slot_0.5_1.5                704    363     25,892  1.40    1.84    0.62    12.3%      8,410
  all_slot_ge_0.8                948    119     31,528  1.39    1.84    0.62    15.0%      1,383
  r4_short_slot_le_2            1008     59     35,043  1.40    1.87    0.61    16.7%      1,854
  all_slot_ge_1.2                666    401     20,976  1.32    1.59    0.61    10.1%      8,303
  all_slot_0.6_2                 738    329     29,007  1.45    2.12    0.61    14.0%      6,683
  r4_slot_le_1.5                 711    356     25,355  1.39    1.79    0.60    12.3%     12,301

volume bucket PnL by scope
  scope   bucket       n       pnl$      avg$    PF
  all     <0.5        21     -6,079    -289.5  0.17
  all     0.5-0.6     20        -60      -3.0  0.99
  all     0.6-0.8     78      7,523      96.4  2.04
  all     0.8-1.0    132      3,255      24.7  1.16
  all     1.0-1.2    150      3,665      24.4  1.15
  all     1.2-1.5    169      4,271      25.3  1.20
  all     1.5-2.0    205      6,296      30.7  1.19
  all     >=2.0      292     12,510      42.8  1.39
  r4      <0.5         7     -3,890    -555.8  0.05
  r4      0.5-0.6     14        303      21.6  1.09
  r4      0.6-0.8     63      6,234      99.0  2.05
  r4      0.8-1.0    119      5,048      42.4  1.28
  r4      1.0-1.2    132      1,806      13.7  1.08
  r4      1.2-1.5    148      5,680      38.4  1.32
  r4      1.5-2.0    182      4,456      24.5  1.14
  r4      >=2.0      174      7,844      45.1  1.38
  nkd     <0.5        14     -2,189    -156.3  0.32
  nkd     0.5-0.6      6       -363     -60.6  0.60
  nkd     0.6-0.8     15      1,288      85.9  1.99
  nkd     0.8-1.0     13     -1,793    -137.9  0.15
  nkd     1.0-1.2     18      1,859     103.3  2.19
  nkd     1.2-1.5     21     -1,409     -67.1  0.55
  nkd     1.5-2.0     23      1,840      80.0  2.20
  nkd     >=2.0      118      4,666      39.5  1.39
  long    <0.5        17     -2,410    -141.8  0.34
  long    0.5-0.6     10        856      85.6  1.64
  long    0.6-0.8     68      5,972      87.8  2.00
  long    0.8-1.0    114      5,377      47.2  1.35
  long    1.0-1.2    117      3,494      29.9  1.18
  long    1.2-1.5    129      4,992      38.7  1.34
  long    1.5-2.0    152      8,318      54.7  1.41
  long    >=2.0      210      9,266      44.1  1.42
  short   <0.5         4     -3,669    -917.1  0.00
  short   0.5-0.6     10       -917     -91.7  0.70
  short   0.6-0.8     10      1,550     155.0  2.20
  short   0.8-1.0     18     -2,122    -117.9  0.56
  short   1.0-1.2     33        171       5.2  1.04
  short   1.2-1.5     40       -721     -18.0  0.88
  short   1.5-2.0     53     -2,022     -38.2  0.83
  short   >=2.0       82      3,244      39.6  1.32

######################################################################################################################
WINDOW: vault2025
######################################################################################################################
base: net $6,857 PF 1.51 Sharpe 2.33 Calmar 1.47 MaxDD 10.1% kept 144
top scoped rules with kept >= max(25, 35% base)
  rule                          kept   skip       net$    PF  Sharpe  Calmar   MaxDD%   skip_pnl
  long_slot_le_1                  50     94     10,070  3.89    6.43    6.69     3.3%     -6,040
  r4_long_slot_le_1               71     73     11,200  2.63    5.03    4.86     5.0%     -7,170
  long_slot_0.8_1.5               80     64      9,296  2.22    4.24    4.19     4.8%     -3,340
  all_slot_0.8_1.5                66     78      7,068  2.41    4.47    3.71     4.1%        560
  r4_slot_le_1                    61     83      6,359  2.10    4.53    3.20     4.3%     -1,714
  r4_slot_le_1.5                  99     45      9,431  2.05    3.92    3.15     6.5%     -3,249
  long_slot_ge_1.2                92     52      8,446  1.95    3.50    3.09     5.9%      1,179
  r4_slot_0.5_1.5                 96     48      9,126  2.02    3.83    3.05     6.5%     -3,667
  r4_long_slot_le_1.5            106     38      9,790  1.87    3.46    2.96     7.2%     -5,823
  r4_long_slot_0.5_1.5           104     40      9,485  1.84    3.38    2.87     7.2%     -5,517
  r4_long_slot_0.6_1.5           104     40      9,485  1.84    3.38    2.87     7.2%     -5,517
  r4_long_slot_le_1.2             91     53      9,447  2.03    3.86    2.85     7.2%     -4,809
  long_slot_0.8_2                102     42      7,504  1.69    2.81    2.84     5.7%     -2,440
  long_slot_le_1.2                72     72      8,071  2.29    4.32    2.79     6.3%     -3,434
  long_slot_le_1.5                91     53      9,179  2.05    3.89    2.77     7.2%     -5,211
  long_slot_0.6_1.5               88     56      9,162  2.08    3.98    2.76     7.2%     -5,195
  r4_long_slot_0.8_1.5            98     46      8,817  1.76    3.14    2.75     6.9%     -2,861
  r4_slot_0.6_1.5                 95     49      8,173  1.91    3.50    2.73     6.5%     -2,533
  r4_slot_0.8_1.5                 88     56      7,851  1.88    3.40    2.71     6.3%       -223
  long_slot_0.5_1.5               89     55      8,873  2.01    3.80    2.68     7.2%     -4,906
  r4_long_slot_0.7_1.5           101     43      8,712  1.75    3.10    2.63     7.2%     -4,611
  all_slot_le_1.5                 81     63      7,637  2.18    4.14    2.55     6.5%     -1,455
  long_slot_0.7_1.5               85     59      8,389  1.95    3.63    2.53     7.2%     -4,289
  r4_slot_0.7_1.5                 92     52      7,400  1.79    3.16    2.47     6.5%     -1,627

volume bucket PnL by scope
  scope   bucket       n       pnl$      avg$    PF
  all     <0.5         3       -418    -139.2  0.42
  all     0.5-0.6      2        845     422.4  3.92
  all     0.6-0.8     10      1,588     158.8  2.02
  all     0.8-1.0     21      3,407     162.2  2.40
  all     1.0-1.2     24       -606     -25.3  0.90
  all     1.2-1.5     21      2,144     102.1  1.56
  all     1.5-2.0     25        332      13.3  1.06
  all     >=2.0       38     -1,787     -47.0  0.79
  r4      <0.5         3       -418    -139.2  0.42
  r4      0.5-0.6      1      1,134   1,133.8   inf
  r4      0.6-0.8      7      2,310     330.0  5.91
  r4      0.8-1.0     19      1,990     104.7  1.82
  r4      1.0-1.2     22        327      14.8  1.07
  r4      1.2-1.5     16      1,208      75.5  1.36
  r4      1.5-2.0     20       -396     -19.8  0.92
  r4      >=2.0       25     -2,854    -114.1  0.55
  nkd     0.5-0.6      1       -289    -288.9  0.00
  nkd     0.6-0.8      3       -722    -240.8  0.33
  nkd     0.8-1.0      2      1,417     708.6   inf
  nkd     1.0-1.2      2       -933    -466.4  0.00
  nkd     1.2-1.5      5        936     187.1  3.07
  nkd     1.5-2.0      5        728     145.6  3.02
  nkd     >=2.0       13      1,066      82.0  1.49
  long    <0.5         2        306     152.8   inf
  long    0.5-0.6      1       -289    -288.9  0.00
  long    0.6-0.8      8      1,855     231.8  2.54
  long    0.8-1.0     19      2,602     136.9  2.07
  long    1.0-1.2     22     -3,294    -149.7  0.39
  long    1.2-1.5     20      1,949      97.4  1.51
  long    1.5-2.0     22       -900     -40.9  0.83
  long    >=2.0       31     -4,311    -139.1  0.47
  short   <0.5         1       -723    -723.2  0.00
  short   0.5-0.6      1      1,134   1,133.8   inf
  short   0.6-0.8      2       -267    -133.3  0.23
  short   0.8-1.0      2        805     402.5   inf
  short   1.0-1.2      2      2,688   1,343.8  5.82
  short   1.2-1.5      1        195     194.8   inf
  short   1.5-2.0      3      1,233     410.9  6.71
  short   >=2.0        7      2,524     360.6  9.64

######################################################################################################################
WINDOW: vault2026
######################################################################################################################
base: net $6,743 PF 1.46 Sharpe 2.43 Calmar 1.62 MaxDD 15.0% kept 114
top scoped rules with kept >= max(25, 35% base)
  rule                          kept   skip       net$    PF  Sharpe  Calmar   MaxDD%   skip_pnl
  r4_slot_le_1                    54     60     11,678  2.52    5.70    8.42     5.0%    -10,879
  r4_slot_le_1.2                  65     49     11,364  2.38    5.43    8.20     5.0%     -7,255
  all_slot_le_1.2                 45     69      6,342  2.32    5.23    6.31     3.7%     -3,948
  r4_long_slot_le_1.2             71     43      9,503  1.94    4.20    4.98     6.9%     -5,595
  r4_long_slot_le_1               61     53      8,990  1.93    4.06    4.71     6.9%     -9,135
  r4_short_slot_le_1             107      7      9,431  1.74    3.54    3.17    10.8%     -1,745
  short_slot_le_1                100     14      9,149  1.88    3.94    2.94    11.2%     -1,462
  long_slot_le_1.2                58     56      4,763  1.52    2.61    2.92     5.9%     -2,571
  short_slot_ge_1.2              108      6      8,768  1.72    3.44    2.85    11.1%       -723
  r4_slot_le_1.5                  84     30      8,500  1.72    3.37    2.81    11.0%     -6,266
  r4_slot_0.5_1.5                 82     32      8,134  1.69    3.26    2.69    11.0%     -4,684
  r4_slot_0.6_1.5                 82     32      8,134  1.69    3.26    2.69    11.0%     -4,684
  r4_long_slot_le_1.5             87     27      7,950  1.64    3.10    2.62    11.0%     -5,801
  r4_slot_le_2                    95     19      8,020  1.66    3.15    2.62    11.1%     -5,141
  r4_slot_0.7_1.5                 81     33      7,885  1.67    3.17    2.60    11.0%     -4,435
  r4_short_slot_le_1.2           108      6      8,605  1.67    3.25    2.51    12.4%     -1,660
  r4_slot_0.6_2                   93     21      7,655  1.63    3.03    2.50    11.1%     -3,559
  r4_long_slot_0.5_1.5            86     28      7,584  1.61    2.99    2.50    11.0%     -5,436
  r4_long_slot_0.6_1.5            86     28      7,584  1.61    2.99    2.50    11.0%     -5,436
  r4_long_slot_le_2               98     16      7,470  1.59    2.88    2.44    11.1%     -4,676
  r4_long_slot_0.7_1.5            85     29      7,335  1.59    2.89    2.42    11.0%     -5,187
  nkd_short_slot_ge_1.2          113      1      8,099  1.61    3.05    2.38    12.3%     -1,355
  short_slot_le_1.2              101     13      8,322  1.79    3.61    2.33    12.9%     -1,377
  r4_long_slot_0.6_2              97     17      7,105  1.56    2.77    2.32    11.1%     -4,310

volume bucket PnL by scope
  scope   bucket       n       pnl$      avg$    PF
  all     <0.5         3        453     151.0  1.40
  all     0.6-0.8      8      4,258     532.3   inf
  all     0.8-1.0     21      6,576     313.2  3.11
  all     1.0-1.2     13     -4,104    -315.7  0.34
  all     1.2-1.5     21        521      24.8  1.07
  all     1.5-2.0     12     -1,802    -150.1  0.41
  all     >=2.0       36     -2,667     -74.1  0.76
  r4      <0.5         2      1,582     791.0   inf
  r4      0.6-0.8      7      2,892     413.2   inf
  r4      0.8-1.0     19      5,349     281.5  2.99
  r4      1.0-1.2     11     -3,625    -329.5  0.25
  r4      1.2-1.5     19       -989     -52.0  0.88
  r4      1.5-2.0     11     -1,125    -102.3  0.53
  r4      >=2.0       19     -5,141    -270.6  0.25
  nkd     <0.5         1     -1,129  -1,128.9  0.00
  nkd     0.6-0.8      1      1,366   1,366.1   inf
  nkd     0.8-1.0      2      1,227     613.6  3.80
  nkd     1.0-1.2      2       -479    -239.6  0.65
  nkd     1.2-1.5      2      1,510     754.8   inf
  nkd     1.5-2.0      1       -676    -676.4  0.00
  nkd     >=2.0       17      2,474     145.5  1.55
  long    <0.5         2       -763    -381.6  0.32
  long    0.6-0.8      7      3,784     540.5   inf
  long    0.8-1.0     19      7,551     397.4  4.51
  long    1.0-1.2     11     -2,664    -242.2  0.44
  long    1.2-1.5     18      1,716      95.3  1.28
  long    1.5-2.0     12     -1,802    -150.1  0.41
  long    >=2.0       26     -2,485     -95.6  0.70
  short   <0.5         1      1,216   1,216.3   inf
  short   0.6-0.8      1        475     474.8   inf
  short   0.8-1.0      2       -974    -487.1  0.00
  short   1.0-1.2      2     -1,440    -720.0  0.00
  short   1.2-1.5      3     -1,195    -398.4  0.37
  short   >=2.0       10       -182     -18.2  0.94

======================================================================================================================
CROSS-WINDOW FOR FLOOR-TOP SCOPED RULES
======================================================================================================================
  rule                             floor$    PF  Calmar |      2025$    PF  Calmar |      2026$    PF  Calmar
  r4_slot_0.6_2                    31,433  1.40    0.82 |      6,625  1.54    1.49 |      7,655  1.63    2.50
  r4_slot_0.8_2                    28,425  1.37    0.75 |      6,303  1.52    1.42 |      6,621  1.55    2.01
  r4_slot_le_2                     31,082  1.38    0.72 |      7,883  1.64    2.18 |      8,020  1.66    2.62
  r4_slot_0.6_1.5                  25,707  1.41    0.71 |      8,173  1.91    2.73 |      8,134  1.69    2.69
  r4_long_slot_0.8_2               29,859  1.37    0.69 |      6,364  1.44    1.61 |      6,546  1.52    2.16
  r4_slot_0.7_1.5                  25,632  1.42    0.69 |      7,400  1.79    2.47 |      7,885  1.67    2.60
  nkd_slot_ge_1                    36,233  1.43    0.67 |      6,451  1.54    1.77 |      5,279  1.41    1.27
  all_slot_ge_1                    28,958  1.38    0.66 |      1,184  1.11    0.24 |      2,481  1.21    0.65
  r4_long_slot_0.6_2               30,816  1.37    0.66 |      7,031  1.50    1.78 |      7,105  1.56    2.32
  r4_short_slot_0.6_1.5            32,862  1.41    0.65 |      4,611  1.35    1.05 |      7,293  1.52    1.75
  all_slot_ge_0.6                  36,079  1.42    0.64 |      5,888  1.45    1.27 |      7,507  1.56    1.81
  all_slot_ge_0.7                  34,584  1.42    0.64 |      5,036  1.37    1.08 |      7,258  1.54    1.75
  r4_short_slot_0.6_2              34,052  1.39    0.64 |      5,777  1.43    1.28 |      7,293  1.52    1.75
  r4_short_slot_0.7_1.5            31,850  1.39    0.63 |      4,611  1.35    1.05 |      7,293  1.52    1.75
  r4_long_slot_le_2                29,474  1.35    0.63 |      7,337  1.52    1.97 |      7,470  1.59    2.44
  r4_short_slot_le_1.5             33,854  1.42    0.63 |      5,563  1.42    1.26 |      7,293  1.52    1.75
