######################################################################################################################
WINDOW: floor
######################################################################################################################
  rule                     cap        kept   skip       net$    PF  Sharpe  Calmar   MaxDD%   block    rej
  range_p80__vol_06_2      strict025   749    318     21,487  1.42    2.13    0.87     7.2%       0    257
  range_p80__vol_le_2      strict025   768    299     20,062  1.38    1.95    0.81     7.2%       0    273
  range_p80                strict025   899    168     21,283  1.38    1.91    0.78     8.0%       0    359
  range_p90                strict025   983     84     21,091  1.35    1.82    0.71     8.7%       0    425
  none                     strict025  1067      0     20,285  1.33    1.71    0.68     8.7%       0    490
  range_p90__vol_06_2      strict025   811    256     19,615  1.36    1.85    0.66     8.6%       0    304
  vol_06_2                 strict025   872    195     18,965  1.34    1.75    0.65     8.6%       0    353
  range_p90__vol_le_2      strict025   831    236     18,975  1.34    1.77    0.64     8.6%       0    322
  vol_le_2                 strict025   893    174     18,325  1.32    1.68    0.62     8.6%       0    372
  range_p80__vol_06_2      current     749    318     34,706  1.52    2.32    1.06     9.5%       0    128
  range_p90__vol_06_2      current     811    256     34,460  1.46    2.12    1.06     9.5%       0    156
  range_p90__vol_le_2      current     831    236     34,109  1.44    2.03    1.04     9.5%       0    169
  range_p80__vol_le_2      current     768    299     33,208  1.47    2.14    1.01     9.6%       0    138
  range_p90                current     983     84     37,471  1.44    2.03    0.96    11.4%       0    220
  range_p80                current     899    168     34,215  1.43    1.99    0.84    11.8%       0    179
  vol_06_2                 current     872    195     31,433  1.40    1.88    0.82    11.2%       0    190
  vol_le_2                 current     893    174     31,082  1.38    1.80    0.72    12.6%       0    204
  none                     current    1067      0     33,176  1.36    1.73    0.52    18.5%       0    268

######################################################################################################################
WINDOW: vault2025
######################################################################################################################
  rule                     cap        kept   skip       net$    PF  Sharpe  Calmar   MaxDD%   block    rej
  range_p90__vol_le_2      strict025   113     31      6,280  1.69    2.78    1.86     7.3%       0     50
  range_p90__vol_06_2      strict025   109     35      6,056  1.66    2.70    1.80     7.3%       0     47
  vol_le_2                 strict025   119     25      5,734  1.62    2.54    1.70     7.3%       0     55
  vol_06_2                 strict025   115     29      5,511  1.59    2.46    1.63     7.3%       0     52
  range_p90                strict025   137      7      5,329  1.49    2.17    1.46     7.9%       0     67
  none                     strict025   144      0      4,783  1.43    1.95    1.31     7.9%       0     73
  range_p80__vol_le_2      strict025   107     37      2,962  1.33    1.78    0.88     7.3%       0     46
  range_p80__vol_06_2      strict025   103     41      2,739  1.30    1.66    0.81     7.3%       0     43
  range_p80                strict025   129     15      2,012  1.18    1.07    0.55     7.9%       0     61
  range_p90__vol_le_2      current     113     31      8,537  1.71    2.87    2.37     7.8%       0     38
  vol_le_2                 current     119     25      7,883  1.64    2.66    2.18     7.8%       0     44
  range_p80__vol_le_2      current     107     37      6,756  1.70    3.33    1.87     7.8%       0     34
  range_p90                current     137      7      8,371  1.62    2.75    1.80    10.1%       0     53
  range_p90__vol_06_2      current     109     35      7,279  1.60    2.50    1.73     9.1%       0     36
  range_p80__vol_06_2      current     103     41      5,498  1.57    2.82    1.52     7.8%       0     32
  vol_06_2                 current     115     29      6,625  1.54    2.29    1.49     9.6%       0     42
  none                     current     144      0      6,857  1.51    2.33    1.47    10.1%       0     61
  range_p80                current     129     15      4,624  1.35    1.85    0.99    10.1%       0     45

######################################################################################################################
WINDOW: vault2026
######################################################################################################################
  rule                     cap        kept   skip       net$    PF  Sharpe  Calmar   MaxDD%   block    rej
  range_p80__vol_le_2      strict025    86     28      7,909  1.89    3.76    4.28     6.7%       0     38
  range_p90__vol_le_2      strict025    91     23      7,810  1.87    3.71    4.22     6.7%       0     43
  range_p80__vol_06_2      strict025    84     30      7,543  1.85    3.63    4.08     6.7%       0     37
  range_p90__vol_06_2      strict025    89     25      7,444  1.83    3.58    4.03     6.7%       0     42
  vol_le_2                 strict025    95     19      7,376  1.78    3.44    3.53     7.6%       0     46
  vol_06_2                 strict025    93     21      7,010  1.75    3.31    3.36     7.6%       0     45
  range_p80                strict025   104     10      5,716  1.55    2.65    2.34     8.8%       0     52
  range_p90                strict025   110      4      5,617  1.54    2.60    2.30     8.8%       0     58
  none                     strict025   114      0      5,183  1.48    2.36    1.94     9.7%       0     61
  range_p90__vol_le_2      current      91     23      8,313  1.69    3.29    2.77    10.8%       0     29
  range_p90__vol_06_2      current      89     25      7,947  1.66    3.18    2.65    10.8%       0     28
  vol_le_2                 current      95     19      8,020  1.66    3.15    2.62    11.1%       0     32
  range_p80__vol_le_2      current      86     28      7,621  1.60    3.01    2.54    10.8%       0     25
  vol_06_2                 current      93     21      7,655  1.63    3.03    2.50    11.1%       0     31
  range_p80__vol_06_2      current      84     30      7,255  1.57    2.90    2.42    10.8%       0     24
  range_p90                current     110      4      7,036  1.48    2.56    1.76    14.5%       0     41
  none                     current     114      0      6,743  1.46    2.43    1.62    15.0%       0     44
  range_p80                current     104     10      6,344  1.42    2.31    1.59    14.5%       0     36

======================================================================================================================
CROSS-WINDOW SUMMARY
======================================================================================================================
  rule                     cap           floor$    PF  Calmar |      2025$    PF  Calmar |      2026$    PF  Calmar
  none                     current       33,176  1.36    0.52 |      6,857  1.51    1.47 |      6,743  1.46    1.62
  none                     strict025     20,285  1.33    0.68 |      4,783  1.43    1.31 |      5,183  1.48    1.94
  range_p90                current       37,471  1.44    0.96 |      8,371  1.62    1.80 |      7,036  1.48    1.76
  range_p90                strict025     21,091  1.35    0.71 |      5,329  1.49    1.46 |      5,617  1.54    2.30
  range_p80                current       34,215  1.43    0.84 |      4,624  1.35    0.99 |      6,344  1.42    1.59
  range_p80                strict025     21,283  1.38    0.78 |      2,012  1.18    0.55 |      5,716  1.55    2.34
  vol_06_2                 current       31,433  1.40    0.82 |      6,625  1.54    1.49 |      7,655  1.63    2.50
  vol_06_2                 strict025     18,965  1.34    0.65 |      5,511  1.59    1.63 |      7,010  1.75    3.36
  vol_le_2                 current       31,082  1.38    0.72 |      7,883  1.64    2.18 |      8,020  1.66    2.62
  vol_le_2                 strict025     18,325  1.32    0.62 |      5,734  1.62    1.70 |      7,376  1.78    3.53
  range_p90__vol_06_2      current       34,460  1.46    1.06 |      7,279  1.60    1.73 |      7,947  1.66    2.65
  range_p90__vol_06_2      strict025     19,615  1.36    0.66 |      6,056  1.66    1.80 |      7,444  1.83    4.03
  range_p90__vol_le_2      current       34,109  1.44    1.04 |      8,537  1.71    2.37 |      8,313  1.69    2.77
  range_p90__vol_le_2      strict025     18,975  1.34    0.64 |      6,280  1.69    1.86 |      7,810  1.87    4.22
  range_p80__vol_06_2      current       34,706  1.52    1.06 |      5,498  1.57    1.52 |      7,255  1.57    2.42
  range_p80__vol_06_2      strict025     21,487  1.42    0.87 |      2,739  1.30    0.81 |      7,543  1.85    4.08
  range_p80__vol_le_2      current       33,208  1.47    1.01 |      6,756  1.70    1.87 |      7,621  1.60    2.54
  range_p80__vol_le_2      strict025     20,062  1.38    0.81 |      2,962  1.33    0.88 |      7,909  1.89    4.28
