##############################################################################################################
WINDOW: floor
##############################################################################################################
base current cap: net $33,176 PF 1.36 Sharpe 1.73 Calmar 0.52 MaxDD 18.5% kept 1067
top current-cap volume rules
  rule                      kept   skip       net$    PF  Sharpe  Calmar   MaxDD% blocked
  rvol_slot20_ge_1           816    251     28,958  1.38    1.84    0.66    12.8%       0
  rvol_slot20_ge_0.6        1026     41     36,079  1.42    1.99    0.64    16.4%       0
  rvol_slot20_ge_0.8         948    119     31,528  1.39    1.84    0.62    15.0%       0
  rvol_slot20_ge_1.2         666    401     20,976  1.32    1.59    0.61    10.1%       0
  rvol_slot20_0.8_2          660    407     24,711  1.41    1.95    0.56    12.9%       0
  rvol_slot20_1_2            528    539     21,831  1.41    2.01    0.55    11.6%       0
  none                      1067      0     33,176  1.36    1.73    0.52    18.5%       0
  rvol_prev10_ge_0.6        1067      0     33,176  1.36    1.73    0.52    18.5%       0
  rvol_prev10_ge_0.8        1064      3     33,070  1.36    1.72    0.52    18.7%       0
  rvol_slot20_0.6_1.5        531    536     21,943  1.47    2.16    0.51    12.5%       0
  rvol_prev10_ge_1          1057     10     32,321  1.36    1.69    0.50    18.7%       0
  rvol_prev10_le_1            10   1057      1,484  2.71    6.25    0.49     1.0%       0
  rvol_slot20_0.8_1.5        453    614     17,717  1.41    1.95    0.48    10.9%       0
  rvol_slot20_le_2           779    288     26,104  1.37    1.77    0.44    17.5%       0
  rvol_prev10_le_1.2          41   1026      2,923  1.61    2.98    0.42     2.3%       0
  rvol_prev10_ge_1.5         723    344     20,443  1.30    1.45    0.42    14.3%       0
  rvol_slot20_le_1.5         572    495     19,040  1.36    1.70    0.38    14.8%       0
  rvol_slot20_ge_1.5         497    570     13,662  1.25    1.28    0.37    10.8%       0

##############################################################################################################
WINDOW: vault2025
##############################################################################################################
base current cap: net $6,857 PF 1.51 Sharpe 2.33 Calmar 1.47 MaxDD 10.1% kept 144
top current-cap volume rules
  rule                      kept   skip       net$    PF  Sharpe  Calmar   MaxDD% blocked
  rvol_prev10_le_1.2          12    132      4,428  5.75    9.35    9.52     1.0%       0
  rvol_slot20_0.8_1.5         66     78      7,068  2.41    4.47    3.71     4.1%       0
  rvol_slot20_le_1            37    107      4,045  2.67    5.59    3.40     2.6%       0
  rvol_slot20_le_0.8          16    128      2,360  2.58    5.47    2.55     2.4%       0
  rvol_slot20_le_1.5          81     63      7,637  2.18    4.14    2.55     6.5%       0
  rvol_slot20_0.6_1.5         76     68      6,668  2.08    3.81    2.23     6.5%       0
  rvol_slot20_0.8_2           91     53      6,248  1.73    2.83    2.17     6.2%       0
  rvol_slot20_le_2           106     38      6,817  1.68    2.78    1.88     7.8%       0
  rvol_slot20_le_1.2          61     83      4,734  1.82    3.07    1.83     5.6%       0
  rvol_prev10_ge_1           140      4      7,211  1.56    2.50    1.70     9.1%       0
  none                       144      0      6,857  1.51    2.33    1.47    10.1%       0
  rvol_prev10_ge_0.6         144      0      6,857  1.51    2.33    1.47    10.1%       0
  rvol_prev10_ge_0.8         144      0      6,857  1.51    2.33    1.47    10.1%       0
  rvol_slot20_ge_0.8         129     15      6,308  1.53    2.34    1.45     9.4%       0
  rvol_slot20_ge_1.2          84     60      4,462  1.56    2.55    1.35     7.1%       0
  rvol_slot20_ge_0.6         139      5      5,888  1.45    2.06    1.27    10.1%       0
  rvol_prev10_le_1.5          58     86      2,900  1.35    1.58    1.24     5.1%       0
  rvol_prev10_0.6_1.5         58     86      2,900  1.35    1.58    1.24     5.1%       0

##############################################################################################################
WINDOW: vault2026
##############################################################################################################
base current cap: net $6,743 PF 1.46 Sharpe 2.43 Calmar 1.62 MaxDD 15.0% kept 114
top current-cap volume rules
  rule                      kept   skip       net$    PF  Sharpe  Calmar   MaxDD% blocked
  rvol_prev10_le_0.8           1    113        294   inf    0.00     inf     0.0%       0
  rvol_prev10_le_1.2           3    111       -561  0.59   -2.92     inf     0.0%       0
  rvol_prev10_le_1             2    112     -1,061  0.22   -7.22     inf     0.0%       0
  rvol_slot20_le_0.8          11    103      4,237  4.75    9.73    7.37     2.3%       0
  rvol_slot20_le_1            33     81      5,779  2.36    5.10    7.04     3.1%       0
  rvol_slot20_le_1.2          45     69      6,342  2.32    5.23    6.31     3.7%       0
  rvol_prev10_ge_1.5          81     33      5,415  1.46    2.48    2.67     7.3%       0
  rvol_prev10_le_2            74     40      6,246  1.83    3.63    2.57     8.8%       0
  rvol_prev10_0.8_2           73     41      6,246  1.83    3.63    2.57     8.8%       0
  rvol_prev10_1_2             73     41      6,246  1.83    3.63    2.57     8.8%       0
  rvol_prev10_ge_1.2         111      3      7,599  1.58    2.89    2.23    12.3%       0
  rvol_slot20_0.6_1.5         63     51      5,750  1.79    3.54    1.89    11.3%       0
  rvol_slot20_ge_0.6         111      3      7,507  1.56    2.81    1.81    15.0%       0
  rvol_slot20_le_1.5          66     48      4,987  1.59    2.89    1.64    11.3%       0
  none                       114      0      6,743  1.46    2.43    1.62    15.0%       0
  rvol_prev10_ge_0.6         114      0      6,743  1.46    2.43    1.62    15.0%       0
  rvol_prev10_ge_0.8         113      1      6,743  1.46    2.43    1.62    15.0%       0
  rvol_prev10_ge_1           113      1      6,743  1.46    2.43    1.62    15.0%       0

==============================================================================================================
CROSS-WINDOW READ
==============================================================================================================
  rule                         floor$    PF  Calmar |      2025$    PF  Calmar |      2026$    PF  Calmar
  rvol_slot20_ge_1             28,958  1.38    0.66 |      1,184  1.11    0.24 |      2,481  1.21    0.65
  rvol_slot20_ge_0.6           36,079  1.42    0.64 |      5,888  1.45    1.27 |      7,507  1.56    1.81
  rvol_slot20_ge_0.8           31,528  1.39    0.62 |      6,308  1.53    1.45 |      5,192  1.39    1.19
  rvol_slot20_ge_1.2           20,976  1.32    0.61 |      4,462  1.56    1.35 |      2,872  1.29    1.00
  rvol_slot20_0.8_2            24,711  1.41    0.56 |      6,248  1.73    2.17 |      2,195  1.26    0.60
  rvol_slot20_1_2              21,831  1.41    0.55 |      2,044  1.32    0.84 |       -516  0.92   -0.17
  none                         33,176  1.36    0.52 |      6,857  1.51    1.47 |      6,743  1.46    1.62
  rvol_prev10_ge_0.6           33,176  1.36    0.52 |      6,857  1.51    1.47 |      6,743  1.46    1.62
  rvol_prev10_ge_0.8           33,070  1.36    0.52 |      6,857  1.51    1.47 |      6,743  1.46    1.62
  rvol_slot20_0.6_1.5          21,943  1.47    0.51 |      6,668  2.08    2.23 |      5,750  1.79    1.89
  rvol_prev10_ge_1             32,321  1.36    0.50 |      7,211  1.56    1.70 |      6,743  1.46    1.62
  rvol_prev10_le_1              1,484  2.71    0.49 |        250  1.31    0.48 |     -1,061  0.22     inf
